0,program,1,3
1,$,0,0
2,;,1,4
3,identifier,1,5
4,.,2,8
4,constant,1,8
4,var,2,8
4,begin,2,8
5,;,2,4
5,(,1,10
6,.,1,11
7,var,1,13
7,begin,2,12
8,constant-definition,1,14
9,;,2,2
10,identifier,1,17
11,$,2,1
12,begin,1,19
13,identifier,1,17
14,;,1,22
15,),1,23
16,),2,5
17,),2,23
17,:,2,23
17,",",1,25
18,.,2,6
19,;,2,31
19,identifier,1,35
19,begin,1,38
19,end,2,31
19,writeln,1,43
19,readln,1,44
19,while,1,45
19,repeat,1,46
19,until,2,31
19,for,1,47
19,if,1,42
19,else,2,31
20,;,1,48
21,:,1,49
22,.,2,10
22,constant-definition,1,51
22,var,2,10
22,begin,2,10
23,;,2,3
24,),2,21
24,:,2,21
25,identifier,1,52
26,end,1,53
27,;,1,55
27,end,2,26
27,until,2,26
28,;,2,27
28,end,2,27
28,until,2,27
28,else,2,27
29,;,2,28
29,end,2,28
29,until,2,28
29,else,2,28
30,;,2,29
30,end,2,29
30,until,2,29
30,else,2,29
31,;,2,30
31,end,2,30
31,until,2,30
31,else,2,30
32,;,2,47
32,end,2,47
32,until,2,47
32,else,2,47
33,;,2,48
33,end,2,48
33,until,2,48
33,else,2,48
34,;,2,49
34,end,2,49
34,until,2,49
34,else,2,49
35,:=,1,56
36,;,2,33
36,end,2,33
36,until,2,33
36,else,2,33
37,;,2,34
37,end,2,34
37,until,2,34
37,else,2,34
38,;,2,31
38,identifier,1,35
38,begin,1,38
38,end,2,31
38,writeln,1,43
38,readln,1,44
38,while,1,45
38,repeat,1,46
38,until,2,31
38,for,1,47
38,if,1,42
38,else,2,31
39,;,2,51
39,end,2,51
39,until,2,51
39,else,2,51
40,;,2,52
40,end,2,52
40,until,2,52
40,else,2,52
41,;,2,53
41,end,2,53
41,until,2,53
41,else,2,53
42,identifier,2,68
42,(,2,68
42,string,2,68
42,number,2,68
42,+,1,61
42,-,1,62
42,not,2,68
43,(,1,63
44,;,2,45
44,(,1,65
44,end,2,45
44,until,2,45
44,else,2,45
45,identifier,2,68
45,(,2,68
45,string,2,68
45,number,2,68
45,+,1,61
45,-,1,62
45,not,2,68
46,;,2,31
46,identifier,1,35
46,begin,1,38
46,end,2,31
46,writeln,1,43
46,readln,1,44
46,while,1,45
46,repeat,1,46
46,until,2,31
46,for,1,47
46,if,1,42
46,else,2,31
47,identifier,1,68
48,identifier,1,17
48,begin,2,14
49,integer,1,72
49,real,1,73
49,boolean,1,74
49,string,1,75
50,.,2,7
50,var,2,7
50,begin,2,7
51,;,1,76
52,),2,23
52,:,2,23
52,",",1,25
53,.,1,78
54,end,2,24
54,until,2,24
55,;,2,31
55,identifier,1,35
55,begin,1,38
55,end,2,31
55,writeln,1,43
55,readln,1,44
55,while,1,45
55,repeat,1,46
55,until,2,31
55,for,1,47
55,if,1,42
55,else,2,31
56,identifier,2,68
56,(,2,68
56,string,2,68
56,number,2,68
56,+,1,61
56,-,1,62
56,not,2,68
57,end,1,81
58,then,1,82
59,;,2,64
59,),2,64
59,end,2,64
59,do,2,64
59,until,2,64
59,to,2,64
59,downto,2,64
59,then,2,64
59,else,2,64
59,=,1,85
59,<>,1,86
59,<,1,87
59,<=,1,88
59,>,1,89
59,>=,1,90
60,identifier,1,93
60,(,1,96
60,string,1,95
60,number,1,94
60,not,1,97
61,identifier,2,66
61,(,2,66
61,string,2,66
61,number,2,66
61,not,2,66
62,identifier,2,67
62,(,2,67
62,string,2,67
62,number,2,67
62,not,2,67
63,identifier,1,103
63,),2,37
63,string,1,102
63,number,1,101
64,;,2,44
64,end,2,44
64,until,2,44
64,else,2,44
65,identifier,1,17
66,do,1,105
67,until,1,106
68,:=,1,107
69,begin,2,11
70,;,1,108
71,;,2,15
72,;,2,17
73,;,2,18
74,;,2,19
75,;,2,20
76,.,2,10
76,constant-definition,1,51
76,var,2,10
76,begin,2,10
77,),2,22
77,:,2,22
78,.,2,16
79,;,1,55
79,end,2,26
79,until,2,26
80,;,2,32
80,end,2,32
80,until,2,32
80,else,2,32
81,.,1,111
82,;,2,31
82,identifier,1,35
82,begin,1,38
82,end,2,31
82,writeln,1,43
82,readln,1,44
82,while,1,45
82,repeat,1,46
82,until,2,31
82,for,1,47
82,if,1,42
82,else,2,31
83,;,2,62
83,),2,62
83,end,2,62
83,do,2,62
83,until,2,62
83,to,2,62
83,downto,2,62
83,then,2,62
83,else,2,62
84,identifier,2,68
84,(,2,68
84,string,2,68
84,number,2,68
84,+,1,61
84,-,1,62
84,not,2,68
85,;,2,79
85,identifier,2,79
85,(,2,79
85,),2,79
85,end,2,79
85,string,2,79
85,number,2,79
85,do,2,79
85,until,2,79
85,to,2,79
85,downto,2,79
85,then,2,79
85,else,2,79
85,+,2,79
85,-,2,79
85,not,2,79
86,;,2,80
86,identifier,2,80
86,(,2,80
86,),2,80
86,end,2,80
86,string,2,80
86,number,2,80
86,do,2,80
86,until,2,80
86,to,2,80
86,downto,2,80
86,then,2,80
86,else,2,80
86,+,2,80
86,-,2,80
86,not,2,80
87,;,2,81
87,identifier,2,81
87,(,2,81
87,),2,81
87,end,2,81
87,string,2,81
87,number,2,81
87,do,2,81
87,until,2,81
87,to,2,81
87,downto,2,81
87,then,2,81
87,else,2,81
87,+,2,81
87,-,2,81
87,not,2,81
88,;,2,82
88,identifier,2,82
88,(,2,82
88,),2,82
88,end,2,82
88,string,2,82
88,number,2,82
88,do,2,82
88,until,2,82
88,to,2,82
88,downto,2,82
88,then,2,82
88,else,2,82
88,+,2,82
88,-,2,82
88,not,2,82
89,;,2,83
89,identifier,2,83
89,(,2,83
89,),2,83
89,end,2,83
89,string,2,83
89,number,2,83
89,do,2,83
89,until,2,83
89,to,2,83
89,downto,2,83
89,then,2,83
89,else,2,83
89,+,2,83
89,-,2,83
89,not,2,83
90,;,2,84
90,identifier,2,84
90,(,2,84
90,),2,84
90,end,2,84
90,string,2,84
90,number,2,84
90,do,2,84
90,until,2,84
90,to,2,84
90,downto,2,84
90,then,2,84
90,else,2,84
90,+,2,84
90,-,2,84
90,not,2,84
91,;,2,70
91,),2,70
91,end,2,70
91,do,2,70
91,until,2,70
91,to,2,70
91,downto,2,70
91,then,2,70
91,else,2,70
91,+,1,116
91,-,1,117
91,=,2,70
91,<>,2,70
91,<,2,70
91,<=,2,70
91,>,2,70
91,>=,2,70
91,or,1,118
92,;,2,73
92,),2,73
92,end,2,73
92,do,2,73
92,until,2,73
92,to,2,73
92,downto,2,73
92,then,2,73
92,else,2,73
92,+,2,73
92,-,2,73
92,=,2,73
92,<>,2,73
92,<,2,73
92,<=,2,73
92,>,2,73
92,>=,2,73
92,or,2,73
92,*,1,121
92,/,1,122
92,div,1,123
92,mod,1,124
92,and,1,125
93,;,2,74
93,),2,74
93,end,2,74
93,do,2,74
93,until,2,74
93,to,2,74
93,downto,2,74
93,then,2,74
93,else,2,74
93,+,2,74
93,-,2,74
93,=,2,74
93,<>,2,74
93,<,2,74
93,<=,2,74
93,>,2,74
93,>=,2,74
93,or,2,74
93,*,2,74
93,/,2,74
93,div,2,74
93,mod,2,74
93,and,2,74
94,;,2,75
94,),2,75
94,end,2,75
94,do,2,75
94,until,2,75
94,to,2,75
94,downto,2,75
94,then,2,75
94,else,2,75
94,+,2,75
94,-,2,75
94,=,2,75
94,<>,2,75
94,<,2,75
94,<=,2,75
94,>,2,75
94,>=,2,75
94,or,2,75
94,*,2,75
94,/,2,75
94,div,2,75
94,mod,2,75
94,and,2,75
95,;,2,76
95,),2,76
95,end,2,76
95,do,2,76
95,until,2,76
95,to,2,76
95,downto,2,76
95,then,2,76
95,else,2,76
95,+,2,76
95,-,2,76
95,=,2,76
95,<>,2,76
95,<,2,76
95,<=,2,76
95,>,2,76
95,>=,2,76
95,or,2,76
95,*,2,76
95,/,2,76
95,div,2,76
95,mod,2,76
95,and,2,76
96,identifier,2,68
96,(,2,68
96,string,2,68
96,number,2,68
96,+,1,61
96,-,1,62
96,not,2,68
97,identifier,1,93
97,(,1,96
97,string,1,95
97,number,1,94
97,not,1,97
98,),1,128
99,),2,36
100,),2,40
100,",",1,130
101,),2,41
101,",",2,41
102,),2,42
102,",",2,42
103,),2,43
103,",",2,43
104,),1,131
105,;,2,31
105,identifier,1,35
105,begin,1,38
105,end,2,31
105,writeln,1,43
105,readln,1,44
105,while,1,45
105,repeat,1,46
105,until,2,31
105,for,1,47
105,if,1,42
105,else,2,31
106,identifier,2,68
106,(,2,68
106,string,2,68
106,number,2,68
106,+,1,61
106,-,1,62
106,not,2,68
107,identifier,2,68
107,(,2,68
107,string,2,68
107,number,2,68
107,+,1,61
107,-,1,62
107,not,2,68
108,identifier,1,17
108,begin,2,14
109,.,2,9
109,var,2,9
109,begin,2,9
110,end,2,25
110,until,2,25
111,;,2,50
111,end,2,50
111,until,2,50
111,else,2,50
112,;,2,61
112,end,2,61
112,until,2,61
112,else,1,137
113,;,2,63
113,),2,63
113,end,2,63
113,do,2,63
113,until,2,63
113,to,2,63
113,downto,2,63
113,then,2,63
113,else,2,63
114,;,2,65
114,),2,65
114,end,2,65
114,do,2,65
114,until,2,65
114,to,2,65
114,downto,2,65
114,then,2,65
114,else,2,65
114,=,2,65
114,<>,2,65
114,<,2,65
114,<=,2,65
114,>,2,65
114,>=,2,65
115,identifier,1,93
115,(,1,96
115,string,1,95
115,number,1,94
115,not,1,97
116,identifier,2,85
116,(,2,85
116,string,2,85
116,number,2,85
116,not,2,85
117,identifier,2,86
117,(,2,86
117,string,2,86
117,number,2,86
117,not,2,86
118,identifier,2,87
118,(,2,87
118,string,2,87
118,number,2,87
118,not,2,87
119,;,2,71
119,),2,71
119,end,2,71
119,do,2,71
119,until,2,71
119,to,2,71
119,downto,2,71
119,then,2,71
119,else,2,71
119,+,2,71
119,-,2,71
119,=,2,71
119,<>,2,71
119,<,2,71
119,<=,2,71
119,>,2,71
119,>=,2,71
119,or,2,71
120,identifier,1,93
120,(,1,96
120,string,1,95
120,number,1,94
120,not,1,97
121,identifier,2,88
121,(,2,88
121,string,2,88
121,number,2,88
121,not,2,88
122,identifier,2,89
122,(,2,89
122,string,2,89
122,number,2,89
122,not,2,89
123,identifier,2,90
123,(,2,90
123,string,2,90
123,number,2,90
123,not,2,90
124,identifier,2,91
124,(,2,91
124,string,2,91
124,number,2,91
124,not,2,91
125,identifier,2,92
125,(,2,92
125,string,2,92
125,number,2,92
125,not,2,92
126,),1,140
127,;,2,78
127,),2,78
127,end,2,78
127,do,2,78
127,until,2,78
127,to,2,78
127,downto,2,78
127,then,2,78
127,else,2,78
127,+,2,78
127,-,2,78
127,=,2,78
127,<>,2,78
127,<,2,78
127,<=,2,78
127,>,2,78
127,>=,2,78
127,or,2,78
127,*,2,78
127,/,2,78
127,div,2,78
127,mod,2,78
127,and,2,78
128,;,2,35
128,end,2,35
128,until,2,35
128,else,2,35
129,),2,38
130,identifier,1,103
130,string,1,102
130,number,1,101
131,;,2,46
131,end,2,46
131,until,2,46
131,else,2,46
132,;,2,54
132,end,2,54
132,until,2,54
132,else,2,54
133,;,2,55
133,end,2,55
133,until,2,55
133,else,2,55
134,to,1,143
134,downto,1,144
135,begin,2,13
136,;,2,59
136,end,2,59
136,until,2,59
136,else,2,59
137,;,2,31
137,identifier,1,35
137,begin,1,38
137,end,2,31
137,writeln,1,43
137,readln,1,44
137,while,1,45
137,repeat,1,46
137,until,2,31
137,for,1,47
137,if,1,42
137,else,2,31
138,;,2,70
138,),2,70
138,end,2,70
138,do,2,70
138,until,2,70
138,to,2,70
138,downto,2,70
138,then,2,70
138,else,2,70
138,+,1,116
138,-,1,117
138,=,2,70
138,<>,2,70
138,<,2,70
138,<=,2,70
138,>,2,70
138,>=,2,70
138,or,1,118
139,;,2,73
139,),2,73
139,end,2,73
139,do,2,73
139,until,2,73
139,to,2,73
139,downto,2,73
139,then,2,73
139,else,2,73
139,+,2,73
139,-,2,73
139,=,2,73
139,<>,2,73
139,<,2,73
139,<=,2,73
139,>,2,73
139,>=,2,73
139,or,2,73
139,*,1,121
139,/,1,122
139,div,1,123
139,mod,1,124
139,and,1,125
140,;,2,77
140,),2,77
140,end,2,77
140,do,2,77
140,until,2,77
140,to,2,77
140,downto,2,77
140,then,2,77
140,else,2,77
140,+,2,77
140,-,2,77
140,=,2,77
140,<>,2,77
140,<,2,77
140,<=,2,77
140,>,2,77
140,>=,2,77
140,or,2,77
140,*,2,77
140,/,2,77
140,div,2,77
140,mod,2,77
140,and,2,77
141,),2,40
141,",",1,130
142,identifier,2,68
142,(,2,68
142,string,2,68
142,number,2,68
142,+,1,61
142,-,1,62
142,not,2,68
143,;,2,57
143,identifier,2,57
143,(,2,57
143,end,2,57
143,string,2,57
143,number,2,57
143,do,2,57
143,until,2,57
143,else,2,57
143,+,2,57
143,-,2,57
143,not,2,57
143,=,2,57
143,<>,2,57
143,<,2,57
143,<=,2,57
143,>,2,57
143,>=,2,57
144,;,2,58
144,identifier,2,58
144,(,2,58
144,end,2,58
144,string,2,58
144,number,2,58
144,do,2,58
144,until,2,58
144,else,2,58
144,+,2,58
144,-,2,58
144,not,2,58
144,=,2,58
144,<>,2,58
144,<,2,58
144,<=,2,58
144,>,2,58
144,>=,2,58
145,;,2,60
145,end,2,60
145,until,2,60
145,else,2,60
146,;,2,69
146,),2,69
146,end,2,69
146,do,2,69
146,until,2,69
146,to,2,69
146,downto,2,69
146,then,2,69
146,else,2,69
146,=,2,69
146,<>,2,69
146,<,2,69
146,<=,2,69
146,>,2,69
146,>=,2,69
147,;,2,72
147,),2,72
147,end,2,72
147,do,2,72
147,until,2,72
147,to,2,72
147,downto,2,72
147,then,2,72
147,else,2,72
147,+,2,72
147,-,2,72
147,=,2,72
147,<>,2,72
147,<,2,72
147,<=,2,72
147,>,2,72
147,>=,2,72
147,or,2,72
148,),2,39
149,do,1,150
150,;,2,31
150,identifier,1,35
150,begin,1,38
150,end,2,31
150,writeln,1,43
150,readln,1,44
150,while,1,45
150,repeat,1,46
150,until,2,31
150,for,1,47
150,if,1,42
150,else,2,31
151,;,2,56
151,end,2,56
151,until,2,56
151,else,2,56
